-42
-42
-38
-39
-39
-42
-45
-42
-44
-41
-40
-45
-47
-39
-44
-42
-43
-42
-44
-40
-39
-65
-52
-47
-46
-44
-42
-42
-47
-48
-40
-45
-40
-39
-47
-44
-41
-44
-42
-44
-43
-44
-40
-39
-49
-41
-42
-45
-42
-42
-42
-48
-54
-39
-46
-41
-40
-44
-42
-42
-47
-45
-42
-44
-46
-39
-39
-46
-42
-42
-48
-43
-42
-41
-57
-52
-39
-48
-40
-42
-43
-44
-48
-46
-46
-42
-48
-48
-41
-42
-47
-41
-42
-45
-47
-42
-40
-55
-56
-48
-48
-40
-42
-43
-44
-48
-39
-51
-41
-49
-48
-45
-42
-48
-43
-44
-45
-46
-42
-39
-53
-40
-48
-46
-42
-42
-43
-47
-39
-39
-40
-40
-40
-45
-44
-42
-47
-45
-42
-45
-48
-39
