-69
-68
-66
-76
-65
-67
-62
-71
-74
-66
-65
-61
-64
-85
-67
-61
-60
-78
-70
-73
-62
-62
-67
-68
-66
-69
-62
-62
-61
-76
-69
-81
-81
-61
-61
-72
-64
-80
-64
-65
-73
-60
-75
-72
-73
-76
-71
-61
-64
-64
-68
-67
-67
-67
-62
-63
-68
-69
-64
-69
-65
-67
-75
-75
-60
-68
-72
-69
-68
-67
-64
-60
-62
-66
-66
-65
-67
-63
-62
-71
-78
-60
-76
-63
-64
-68
-66
-64
-62
-66
-70
-62
-62
-66
-72
-77
-67
-68
-66
-63
-73
-66
-67
-67
-69
-70
-73
-75
-69
-70
-73
-64
-67
-62
-62
-74
-66
-60
-66
-64
-66
-63
-61
-60
-61
-75
-72
-76
-87
-66
-60
-62
-65
-64
-64
-76
-68
-64
-68
-69
-60
-64
-72
-72
-69
-68
-63
-60
-65
-73
-68
-68
-61
-65
-66
-64
-62
-62
-62
-66
-69
-67
-60
-65
-64
-61
-64
-64
-58
-58
-66
-69
-63
-73
-60
-59
-65
-71
-60
-60
-78
-67
-60
-67
-68
-64
-60
-66
-60
-64
-87
-58
-58
-68
-66
-62
-60
-63
-63
-66
-68
-67
